Element,Attribute
iati-activity,hierarchy
1,3360
2,6449
iati-activity,default-currency
GBP,9809
iati-activity,lang
en,9809
iati-activity/title,lang
None found
iati-activity/description,lang
None found
reporting-org,type
10,9809
reporting-org,ref
GB-1,9809
activity-status,code
1,304
2,5087
3,16
4,4402
activity-date,type
end-actual,9761
end-planned,9761
start-actual,9809
start-planned,9809
activity-date,iso-date
1970,39140
participating-org,role
Extending,9809
Funding,9809
Implementing,5955
participating-org,type
,5955
10,19618
participating-org,ref
GB,9809
GB-1,9809
10000,47
11000,161
12000,75
13000,83
20000,383
21000,194
21002,1
21005,3
21009,1
21011,1
21016,45
21017,2
21018,4
21020,4
21021,20
21023,3
21029,2
21031,9
21032,10
21033,4
21038,7
21039,5
21045,5
21046,2
21049,3
21050,1
22000,767
23000,153
30000,3
30001,1
30004,3
30005,1
30006,2
30009,2
30011,2
31000,1
31001,7
31004,1
32000,42
40000,5
41000,55
41101,1
41104,2
41108,9
41110,6
41112,2
41114,210
41116,10
41119,28
41120,6
41121,22
41122,129
41123,5
41124,10
41125,1
41126,3
41127,32
41128,6
41129,4
41130,8
41140,57
41143,53
41147,1
41301,36
41302,7
41304,12
41307,7
41311,1
41313,2
41314,3
41316,2
42000,4
42003,4
42004,5
43000,17
43002,3
43004,1
44000,41
44001,308
44002,5
44003,2
44007,6
45000,1
46000,2
46002,19
46003,11
46004,14
46005,4
46009,7
46012,7
46013,1
46015,2
46017,1
46018,1
46019,2
47000,3
47005,5
47011,2
47013,4
47014,8
47015,2
47016,2
47017,1
47018,3
47025,1
47033,2
47034,4
47044,7
47045,4
47053,5
47056,1
47057,1
47063,2
47066,30
47073,2
47081,16
47086,7
47089,1
47105,1
47106,1
47107,2
47117,4
47122,2
50000,23
51000,416
52000,2130
sector,vocabulary
,11132
sector,code
11110,286
11120,87
11130,53
11182,43
11220,183
11230,41
11240,14
11320,57
11330,26
11420,13
11430,10
12110,284
12182,134
12220,229
12240,107
12250,105
12261,145
12262,71
12263,16
12281,65
13010,20
13020,280
13030,64
13040,348
13081,18
14010,114
14015,17
14020,39
14030,185
14040,28
14050,21
14081,7
15110,887
15130,155
15150,690
15210,112
15220,304
15230,37
15240,17
15250,25
15261,5
16010,453
16020,15
16030,12
16040,12
16062,101
16063,1
21010,151
21020,75
22010,45
22020,24
22030,9
22040,8
23010,74
23020,28
23030,69
23082,5
24010,194
24020,11
24030,35
24040,35
24081,26
25010,143
25020,52
31110,160
31120,112
31130,34
31163,30
31182,24
31191,19
31210,164
31220,33
31282,6
31310,17
31320,12
31382,1
32110,31
32120,5
32130,167
32182,11
32210,26
32310,15
33110,248
33120,56
33130,37
33140,14
33181,9
33210,12
41010,174
41020,1
41030,470
41040,2
41050,12
41081,42
41082,77
43010,128
43030,64
43040,161
43050,5
43082,497
52010,107
60010,35
72010,384
72040,87
72050,199
73010,72
74010,47
91010,16
99810,262
99820,127
policy-marker,code
1,6449
2,6449
3,6449
4,6449
5,6449
6,6449
7,6449
8,6449
policy-marker,vocabulary
DAC,51592
policy-marker,significance
0,44656
1,3519
2,3417
default-tied-status,code
5,9809
default-flow-type,code
10,6449
default-aid-type,code
A01,24
A02,43
B01,127
B02,170
B04,98
C01,5832
F01,26
G01,16
H01,113
default-finance-type,code
110,5979
210,15
310,49
311,14
recipient-country,code
AF,179
AL,5
AO,8
AS,1
BA,25
BD,178
BF,2
BI,43
BJ,1
BR,9
BT,1
CD,102
CF,3
CG,2
CL,2
CM,6
CN,76
CV,1
DK,1
EC,2
ER,5
ET,148
FJ,1
GB,7
GE,1
GH,101
GM,12
GN,1
GT,3
GY,13
HN,1
HT,29
ID,67
IN,172
IQ,27
JM,11
KE,185
KG,16
KH,38
LA,3
LC,1
LK,42
LR,25
LS,11
MD,24
MG,4
MM,125
MN,1
MS,80
MV,1
MW,169
MZ,80
NA,1
NE,5
NG,146
NI,7
NP,150
PE,5
PG,4
PH,2
PK,208
PN,11
PS,77
RS,18
RU,6
RW,87
SD,136
SH,97
SL,136
SN,2
SO,117
TC,7
TD,6
TH,1
TJ,51
TL,1
TR,2
TZ,111
UA,3
UG,154
VN,52
VU,1
WS,1
YE,57
ZA,46
ZM,110
ZW,98
recipient-region,code
,2034
89,5
189,9
289,31
298,278
380,45
589,10
798,60
budget,type
Original,5649
Revised,11469
budget/value,currency
GBP,17118
budget/period-start,iso-date
2001,156
2002,188
2003,257
2004,387
2005,583
2006,833
2007,1168
2008,2085
2009,3249
2010,2929
2011,2507
2012,1310
2013,683
2014,407
2015,160
2016,75
2017,34
2018,32
2019,31
2020,25
2021,19
planned-disbursement/value,currency
None found
planned-disbursement/period-start,iso-date
None found
transaction-type,code
None found
transaction/value,currency
,6202
GBP,33821
transaction/provider-org,ref
GB-1,33821
transaction/receiver-org,ref
,9116
10000,2
11000,700
12000,35
13000,130
20000,553
21000,332
21002,1
21005,4
21011,3
21016,26
21017,8
21018,1
21020,8
21021,30
21023,9
21029,7
21031,21
21032,34
21033,5
21038,10
21039,14
21045,5
21049,11
21050,3
22000,1844
23000,258
30000,5
30001,3
30004,1
30005,4
30006,5
30009,3
31000,1
31001,21
31004,3
32000,86
40000,4
41000,69
41101,1
41104,2
41108,2
41110,8
41112,4
41114,182
41116,12
41119,24
41120,3
41121,14
41122,130
41123,3
41124,12
41127,18
41128,7
41129,3
41130,10
41140,45
41143,73
41301,30
41302,3
41304,18
41313,2
41314,1
41316,5
42000,5
42003,7
42004,9
43000,29
44000,46
44001,313
44007,2
46000,4
46002,22
46003,33
46004,11
46009,3
46012,6
46013,1
46015,3
47000,4
47005,2
47008,4
47011,4
47013,8
47014,5
47016,3
47017,2
47018,9
47020,4
47021,2
47025,2
47033,3
47034,2
47051,2
47053,9
47055,2
47056,2
47057,2
47062,2
47063,4
47066,18
47069,6
47070,2
47073,1
47075,4
47081,31
47089,2
47101,2
47104,2
47105,1
47106,1
47107,6
47117,7
50000,36
51000,1145
52000,8720
transaction/transaction-date,iso-date
1987,8
1988,3
1989,4
1990,2
1991,4
1992,4
1993,6
1994,3
1995,6
1996,10
1997,15
1998,4
1999,29
2000,22
2001,43
2002,174
2003,269
2004,383
2005,603
2006,1020
2007,1308
2008,2031
2009,3275
2010,11858
2011,17063
2012,1873
2013,2
2014,1
document-link,format
application/msword,416
application/vnd.ms-excel,414
document-link,category
,830
related-activity,type
1,6449
2,7534
3,28376
conditions,type
None found
result,type
None found
result/indicator,measure
None found
