Element,Attribute
iati-activity,hierarchy
1,2607
iati-activity,default-currency
EUR,2607
iati-activity,lang
nl,2607
iati-activity/title,lang
None found
iati-activity/description,lang
None found
reporting-org,type
Government,2607
reporting-org,ref
NL-1,2607
activity-status,code
2,2211
3,12
4,384
activity-date,type
end-actual,2607
end-planned,2607
start-actual,2607
start-planned,2607
activity-date,iso-date
1970,2223
1997,2
2000,3
2001,13
2002,40
2003,26
2004,71
2005,184
2006,431
2007,421
2008,661
2009,974
2010,1178
2011,2652
2012,709
2013,412
2014,196
2015,136
2016,74
2017,14
2018,1
2019,3
2020,3
2044,1
participating-org,role
Extending,2607
Funding,2607
Implementing,2607
participating-org,type
Developing Country Based NGO,497
Donor Country Based NGO,407
European Union Institution,6
Government,5214
International Monetary Fund (IMF),5
International NGO,270
Network,13
OTHER ,2
Other,221
Other Multilateral Institutions,85
PUBLIC SECTOR INSTITUTONS,532
Public-Private Partnership (PPP),35
Regional Development Banks (RDB),28
United Nations Agency, Fund or Commision (UN),264
University, college or other teaching institution, reaserch institute or think-tank,158
World Bank Group (WB),83
World Trade Organisation (WTO),1
participating-org,ref
NL,2607
NL-1,2607
10000,2
11000,245
12000,228
13000,57
21000,185
21004,1
21005,1
21010,1
21011,2
21013,1
21016,18
21017,2
21020,2
21021,1
21023,2
21026,1
21031,1
21032,8
21033,16
21037,1
21038,2
21042,5
21043,3
21045,2
21046,1
21049,5
21053,2
21057,5
21058,2
22000,407
23000,497
30001,2
30004,3
30005,1
30006,1
30009,1
30011,15
31000,12
31001,1
31004,3
32000,9
41000,12
41101,1
41103,1
41106,1
41108,4
41110,2
41112,2
41114,92
41116,3
41119,12
41120,1
41121,11
41122,38
41123,1
41124,13
41127,4
41128,6
41130,7
41134,1
41140,9
41301,8
41302,8
41304,11
41305,4
41307,7
41313,4
41315,1
42000,3
42001,1
42003,2
43001,5
44000,5
44001,66
44003,3
44004,8
44007,1
45001,1
46000,1
46002,6
46004,15
46012,1
46015,2
46019,3
47000,13
47005,1
47015,2
47018,1
47029,1
47035,1
47043,1
47044,1
47045,3
47051,1
47053,1
47056,2
47058,2
47059,2
47066,24
47069,4
47073,1
47075,2
47077,1
47078,1
47079,5
47081,7
47083,1
47089,1
47093,1
47102,1
47105,1
47106,2
47122,1
50000,2
51000,158
52000,221
sector,vocabulary
,2607
sector,code
11110,25
11120,13
11130,6
11182,9
11220,67
11230,6
11240,4
11320,5
11330,24
11420,23
11430,5
12110,23
12181,1
12182,20
12191,4
12220,23
12230,3
12240,3
12250,8
12261,2
12262,1
12263,2
12281,2
13010,5
13020,55
13030,4
13040,44
13081,1
14010,56
14015,11
14020,15
14021,4
14022,1
14030,35
14032,5
14040,10
14050,5
14081,7
15110,105
15111,45
15112,7
15113,7
15120,1
15130,66
15150,105
15151,19
15152,5
15153,33
15160,383
15170,95
15210,33
15220,106
15230,23
15240,6
15250,8
15261,1
16010,12
16020,7
16030,1
16040,1
16050,11
16061,71
16062,4
16063,1
16064,25
21010,3
21040,4
21050,2
22010,9
22020,1
22030,10
22040,2
23010,7
23030,11
23040,3
23065,1
23067,2
23070,8
23081,3
24010,15
24020,2
24030,15
24040,9
24081,2
25010,56
25020,1
31110,13
31120,32
31130,1
31140,7
31150,4
31161,7
31162,8
31163,2
31164,2
31165,3
31181,2
31182,13
31191,5
31193,3
31194,5
31195,1
31210,12
31220,10
31281,3
31282,5
31291,1
31320,3
32120,1
32130,6
32163,1
32164,1
32182,3
33110,14
33120,7
33130,3
33181,1
33210,1
41010,62
41020,5
41030,29
41050,2
41081,12
41082,5
43010,173
43030,1
43040,19
43081,10
43082,37
51010,8
52010,8
53030,1
53040,1
60030,6
72010,70
72020,1
72040,11
72050,27
73010,5
74010,2
91010,21
93010,15
99820,12
policy-marker,code
1,2607
2,2607
3,2607
5,2607
6,2607
7,2607
8,2607
policy-marker,vocabulary
DAC,18249
policy-marker,significance
0,16107
1,569
2,1573
default-tied-status,code
 ,90
4,38
5,2479
default-flow-type,code
10,2607
default-aid-type,code
A01,8
A02,10
B01,147
B02,90
B04,124
C01,1847
D01,2
D02,329
E01,3
F01,6
G01,18
H01,11
H02,12
default-finance-type,code
110,2600
610,7
recipient-country,code
AF,64
AL,8
AM,5
AO,12
AR,3
BA,22
BD,49
BF,24
BI,14
BJ,39
BO,50
BR,5
BT,2
CD,35
CI,2
CL,4
CM,1
CN,19
CO,44
CR,1
CU,1
CV,3
DO,5
DZ,5
EC,7
EG,48
ER,7
ET,56
GE,12
GH,30
GN,1
GT,47
HN,4
HR,8
HT,6
ID,73
IN,10
IQ,16
IR,18
JO,17
KE,46
KG,5
KH,5
KP,4
KZ,9
LB,15
LK,60
LR,1
LY,3
MA,21
MD,7
ME,5
MK,14
ML,52
MM,14
MN,11
MW,2
MX,5
MY,1
MZ,52
NA,1
NE,1
NG,18
NI,35
NP,3
OM,5
PA,1
PE,13
PG,1
PH,7
PK,38
PS,43
RS,17
RW,25
SD,72
SL,1
SN,21
SO,13
SR,46
SV,2
SY,2
TD,1
TH,6
TJ,6
TN,6
TR,17
TZ,31
UA,2
UG,45
VE,5
VN,20
XK,12
YE,47
ZA,69
ZM,22
ZW,38
recipient-region,code
89,18
289,87
298,54
389,4
489,3
498,7
589,2
619,3
679,3
789,1
798,18
998,606
budget,type
None found
budget/value,currency
None found
budget/period-start,iso-date
None found
planned-disbursement/value,currency
None found
planned-disbursement/period-start,iso-date
None found
transaction/transaction-type,code
C,7595
D,13680
transaction/value,currency
,21275
transaction/provider-org,ref
NL-1,21275
transaction/receiver-org,ref
10000,6
11000,3904
12000,2295
13000,503
21000,1178
21004,5
21005,3
21010,10
21011,18
21013,12
21016,92
21017,7
21020,8
21021,5
21023,13
21026,16
21031,3
21032,52
21033,111
21037,16
21038,8
21042,38
21043,12
21045,12
21046,1
21049,16
21053,7
21057,35
21058,11
22000,2721
23000,3513
30001,13
30004,15
30005,4
30006,5
30009,6
30011,146
31000,93
31001,14
31004,24
32000,60
41000,60
41101,4
41103,11
41106,8
41108,34
41110,15
41112,9
41114,631
41116,17
41119,90
41120,7
41121,30
41122,274
41123,4
41124,47
41127,12
41128,22
41130,38
41134,15
41140,70
41301,66
41302,54
41304,96
41305,15
41307,53
41313,17
41315,6
42000,13
42001,4
42003,48
43001,26
44000,38
44001,517
44003,13
44004,76
44007,10
45001,8
46000,38
46002,54
46004,220
46012,2
46015,4
46019,32
47000,146
47005,8
47015,16
47018,4
47029,5
47035,6
47043,1
47044,7
47045,13
47051,5
47053,4
47056,17
47058,23
47059,21
47066,95
47069,40
47073,8
47075,12
47077,20
47078,6
47079,21
47081,18
47083,9
47089,6
47093,14
47102,3
47105,23
47106,6
47122,2
50000,74
51000,1097
52000,1726
transaction/transaction-date,iso-date
1997,1
2001,11
2002,63
2003,120
2004,254
2005,405
2006,984
2007,1621
2008,2475
2009,3784
2010,5543
2011,6014
document-link,format
None found
document-link,category
None found
related-activity,type
None found
conditions,type
None found
result,type
None found
result/indicator,measure
None found
